53
496
2494
2642
3098
4000
4513
4953
5009
5227
5295
5425
5441
5503
5803
5921
6754
7121
8513
8576
8766
9288
9457
9748
9808
9835
10035
10354
10924
11217
11316
11709
11741
11843
11976
12234
12625
12923
13262
13319
13453
13485
13801
14001
14022
14255
14515
14818
15003
15103
15937
15979
16234
17269
17361
17415
17512
17746
18437
18515
18876
19256
19592
20176
20565
20725
20739
20778
20845
20886
21009
22235
22284
22514
22924
23176
23468
23479
23516
23585
24167
24186
25513
25634
25745
27187
27196
27253
27641
27823
28881
29284
29487
29829
30480
31062
31572
31702
31884
32705
